Inputs/LuckyHills103_1m.asc
ncols         296
nrows         242
xllcorner     589541.000000
yllcorner     3512325.500000
cellsize      1
NODATA_value  -9999
[rows 112 to 139 of 242, columns 186 to 247 of 296]
1370.8000 1370.8800 1370.9200 1370.9500 1371.0100 1371.0500 1371.0601 1371.1300 1371.2000 1371.2600 1371.2700 1371.3199 1371.4000 1371.4600 1371.5200 1371.6000 1371.6500 1371.6899 1371.7600 1371.8400 1371.9301 1371.9700 1372.0500 1372.1300 1372.2300 1372.2900 1372.3400 1372.4000 1372.4500 1372.5000 1372.5500 1372.6000 1372.6100 1372.7000 1372.7600 1372.7900 1372.8300 1372.8600 1372.9100 1372.8900 1372.9200 1372.9700 1373.0300 1373.1100 1373.1600 1373.2200 1373.2800 1373.3300 1373.4000 1373.4700 1373.5200 1373.6200 1373.6500 1373.7400 1373.8300 1373.8900 1374 1374.0500 1374.0800 1374.1000 1374.1000 1374.1300
1370.8300 1370.9000 1370.9600 1371 1371.0300 1371.0800 1371.1300 1371.1899 1371.2500 1371.3000 1371.3400 1371.3800 1371.4399 1371.4700 1371.5400 1371.6000 1371.6300 1371.7100 1371.8000 1371.8600 1371.9000 1371.9800 1372.0800 1372.1600 1372.2400 1372.3199 1372.3600 1372.4000 1372.4500 1372.5200 1372.5500 1372.6100 1372.6600 1372.7300 1372.7900 1372.8000 1372.8199 1372.8600 1372.8800 1372.9301 1372.9700 1373 1373.1000 1373.1500 1373.2300 1373.3500 1373.3800 1373.4301 1373.4600 1373.5500 1373.5900 1373.6600 1373.7100 1373.8000 1373.9000 1373.9800 1374.0500 1374.0400 1374.0601 1374.1200 1374.1500 1374.1700
1370.8600 1370.9301 1370.9900 1371.0400 1371.0699 1371.1300 1371.1801 1371.2300 1371.2900 1371.3400 1371.3700 1371.4301 1371.4800 1371.5300 1371.6000 1371.6100 1371.7000 1371.7500 1371.8400 1371.9200 1371.9700 1372.0601 1372.1100 1372.1801 1372.2600 1372.3199 1372.3500 1372.4100 1372.4600 1372.5400 1372.5500 1372.5900 1372.6600 1372.7500 1372.7900 1372.7800 1372.8000 1372.8400 1372.9000 1372.9600 1373 1373.1000 1373.1801 1373.2300 1373.3000 1373.3900 1373.4900 1373.5500 1373.5400 1373.6400 1373.6801 1373.7500 1373.8000 1373.8800 1373.9399 1374.0200 1374.0800 1374.0699 1374.1200 1374.1600 1374.1899 1374.1801
1370.8700 1370.9500 1370.9900 1371.0100 1371.0900 1371.1400 1371.2000 1371.2600 1371.3199 1371.3500 1371.4100 1371.4800 1371.5000 1371.5900 1371.6801 1371.6899 1371.7300 1371.7900 1371.8900 1371.9500 1371.9900 1372.0699 1372.1100 1372.1899 1372.2700 1372.3500 1372.3800 1372.4100 1372.5000 1372.5699 1372.6000 1372.6100 1372.7000 1372.7300 1372.7600 1372.7700 1372.8199 1372.8800 1372.9200 1373.0100 1373.1100 1373.1801 1373.2300 1373.2900 1373.3600 1373.4700 1373.5900 1373.6200 1373.6600 1373.7300 1373.8000 1373.8600 1373.9100 1373.9500 1373.9800 1374.0500 1374.1000 1374.1500 1374.1899 1374.2500 1374.2400 1374.2200
1370.8800 1370.9200 1370.9900 1371.0601 1371.1400 1371.1801 1371.2300 1371.2600 1371.3500 1371.3900 1371.4200 1371.4600 1371.5100 1371.5800 1371.6801 1371.6899 1371.7400 1371.8400 1371.9100 1371.9399 1371.9900 1372.0900 1372.1500 1372.2300 1372.2900 1372.3500 1372.3900 1372.4301 1372.4900 1372.5400 1372.5699 1372.6100 1372.6400 1372.6899 1372.7600 1372.8101 1372.8500 1372.9399 1373.0300 1373.0800 1373.1500 1373.2000 1373.2600 1373.3800 1373.4399 1373.5100 1373.6400 1373.7100 1373.7900 1373.8199 1373.8600 1373.9100 1373.9399 1373.9800 1374.0500 1374.1200 1374.1400 1374.2800 1374.2900 1374.2600 1374.2900 1374.2500
1370.9100 1370.9301 1371.0100 1371.0601 1371.1500 1371.2200 1371.2300 1371.2800 1371.3400 1371.4200 1371.4500 1371.5000 1371.5400 1371.6100 1371.6700 1371.7200 1371.7900 1371.8700 1371.9301 1371.9800 1372.0601 1372.1300 1372.1899 1372.2500 1372.2900 1372.3600 1372.4000 1372.4500 1372.4800 1372.5100 1372.5400 1372.5601 1372.6500 1372.7000 1372.7800 1372.8400 1372.9100 1373 1373.1100 1373.1400 1373.2000 1373.3000 1373.3600 1373.4500 1373.5400 1373.5900 1373.6500 1373.7900 1373.8300 1373.8600 1373.9100 1373.9800 1374.0300 1374.0500 1374.1100 1374.1500 1374.2000 1374.2900 1374.3000 1374.2500 -9999 -9999
1370.9301 1370.9600 1371.0400 1371.0900 1371.1500 1371.2000 1371.2500 1371.3000 1371.3700 1371.4500 1371.5100 1371.5601 1371.6000 1371.6600 1371.7300 1371.7200 1371.8000 1371.8800 1371.9301 1372.0100 1372.0800 1372.1500 1372.2200 1372.2600 1372.3300 1372.3700 1372.4000 1372.4399 1372.4301 1372.4500 1372.5100 1372.6000 1372.6899 1372.7400 1372.8400 1372.9000 1372.9600 1373.0800 1373.1801 1373.2400 1373.2700 1373.3700 1373.4399 1373.5200 1373.6100 1373.6600 1373.7600 1373.8400 1373.8700 1373.9399 1374.0100 1374.0699 1374.1400 1374.1200 1374.1700 1374.2000 1374.2300 1374.2900 -9999 -9999 -9999 -9999
1371 1371.0100 1371.0900 1371.1500 1371.1801 1371.1600 1371.2300 1371.3101 1371.3800 1371.4399 1371.5300 1371.6000 1371.6400 1371.7200 1371.7600 1371.8000 1371.8800 1371.9301 1371.9399 1372.0200 1372.1000 1372.1899 1372.2300 1372.2600 1372.3199 1372.3500 1372.3800 1372.4200 1372.4301 1372.4800 1372.5699 1372.6400 1372.7100 1372.7900 1372.8700 1372.9700 1373.0400 1373.1600 1373.2500 1373.2800 1373.3500 1373.4301 1373.5100 1373.5900 1373.7200 1373.7700 1373.8400 1373.9100 1373.9500 1374 1374.0500 1374.0900 1374.1500 1374.1600 1374.1801 1374.2100 1374.2400 1374.2600 -9999 -9999 -9999 -9999
1371.0200 1371.0300 1371.1000 1371.1500 1371.1899 1371.2100 1371.2700 1371.3101 1371.3900 1371.4800 1371.5200 1371.6200 1371.6600 1371.8000 1371.8600 1371.8700 1371.9399 1371.9700 1372.0100 1372.0900 1372.1300 1372.2100 1372.2400 1372.2500 1372.2800 1372.3101 1372.3300 1372.4200 1372.5000 1372.5500 1372.6300 1372.7300 1372.7600 1372.8101 1372.9301 1373.0300 1373.1000 1373.1801 1373.2700 1373.3700 1373.4100 1373.4700 1373.5300 1373.6200 1373.7700 1373.8500 1373.8900 1373.9600 1374.0100 1374.0601 1374.1100 1374.1200 1374.1500 1374.1600 1374.1801 1374.2100 1374.2300 -9999 -9999 -9999 -9999 -9999
1371.0200 1371.0300 1371.1000 1371.1500 1371.2100 1371.2500 1371.3199 1371.3700 1371.4700 1371.4900 1371.5601 1371.6300 1371.6899 1371.7700 1371.8700 1371.9100 1371.9500 1372.0100 1372.0800 1372.1200 1372.1600 1372.2100 1372.2300 1372.2500 1372.2700 1372.3199 1372.3800 1372.4600 1372.5000 1372.6100 1372.7200 1372.7800 1372.8199 1372.8300 1372.9700 1373.0800 1373.1600 1373.2300 1373.3600 1373.4399 1373.5000 1373.5400 1373.6200 1373.7000 1373.7900 1373.8700 1373.9301 1373.9700 1374.0200 1374.0800 1374.1200 1374.1500 1374.1500 1374.1500 1374.1700 1374.2200 -9999 -9999 -9999 -9999 -9999 -9999
1371.0200 1371.0900 1371.1300 1371.1600 1371.2200 1371.2800 1371.3101 1371.3900 1371.4600 1371.5400 1371.5800 1371.6400 1371.7200 1371.8199 1371.8700 1371.9200 1371.9900 1372.0900 1372.1200 1372.1300 1372.1801 1372.2000 1372.2200 1372.2400 1372.3000 1372.3500 1372.4301 1372.5400 1372.6100 1372.6700 1372.7300 1372.8500 1372.9100 1372.9600 1373.0400 1373.1200 1373.2400 1373.3101 1373.3800 1373.4800 1373.5400 1373.6000 1373.6500 1373.7300 1373.8101 1373.9200 1373.9600 1373.9800 1374.0400 1374.0900 1374.1100 1374.1200 1374.1500 1374.1801 1374.1801 -9999 -9999 -9999 -9999 -9999 -9999 -9999
1371.0300 1371.1000 1371.1500 1371.2100 1371.2600 1371.3101 1371.3700 1371.4399 1371.5000 1371.6000 1371.6500 1371.6899 1371.7600 1371.8400 1371.8700 1371.9000 1371.9900 1372.0800 1372.1100 1372.1400 1372.2100 1372.2300 1372.2500 1372.2800 1372.3800 1372.4301 1372.5100 1372.6100 1372.6700 1372.7200 1372.7800 1372.8700 1372.9700 1372.9800 1373.0699 1373.1899 1373.2800 1373.3400 1373.3900 1373.4900 1373.5699 1373.6000 1373.6500 1373.7300 1373.8199 1373.9399 1373.9500 1373.9900 1374.0300 1374.0400 1374.0800 1374.1000 1374.1200 -9999 -9999 -9999 -9999 -9999 -9999 -9999 -9999 -9999
1371.0800 1371.1400 1371.2200 1371.2700 1371.3101 1371.3600 1371.4301 1371.4800 1371.5500 1371.5900 1371.6700 1371.7200 1371.7900 1371.8500 1371.9399 1371.9600 1371.9900 1372.0601 1372.1100 1372.1700 1372.2000 1372.2100 1372.3000 1372.3600 1372.4800 1372.4900 1372.5300 1372.6600 1372.6801 1372.7600 1372.8400 1372.9301 1373.0200 1373.0400 1373.1000 1373.2100 1373.2600 1373.2900 1373.4100 1373.5200 1373.5900 1373.6300 1373.6700 1373.7200 1373.8199 1373.8900 1373.9100 1373.9600 1373.9900 1374.0100 1374.0500 1374.0800 -9999 -9999 -9999 -9999 -9999 -9999 -9999 -9999 -9999 -9999
1371.1000 1371.1801 1371.2600 1371.3199 1371.3900 1371.4000 1371.4700 1371.5400 1371.5800 1371.6100 1371.6899 1371.7200 1371.8101 1371.8400 1371.9000 1371.9600 1372 1372.0699 1372.1400 1372.1500 1372.2200 1372.2700 1372.3800 1372.4700 1372.5000 1372.5200 1372.5500 1372.5699 1372.6300 1372.7400 1372.8300 1372.9301 1373.0200 1373.0601 1373.1300 1373.2000 1373.3000 1373.3800 1373.4500 1373.5100 1373.5699 1373.6300 1373.6801 1373.7300 1373.8101 1373.8500 1373.9000 1373.9399 1373.9600 1374 1374.0100 1374.0500 -9999 -9999 -9999 -9999 -9999 -9999 -9999 -9999 -9999 -9999
1371.1899 1371.2400 1371.3000 1371.3300 1371.4000 1371.4100 1371.4700 1371.5400 1371.5601 1371.6100 1371.6600 1371.7200 1371.7800 1371.8199 1371.9000 1371.9700 1372.0300 1372.0800 1372.1600 1372.2000 1372.2600 1372.3600 1372.4500 1372.5100 1372.5200 1372.5200 1372.5900 1372.6300 1372.6600 1372.7700 1372.8300 1372.8900 1373.0100 1373.0800 1373.1600 1373.2400 1373.3300 1373.4000 1373.4399 1373.4900 1373.5601 1373.6400 1373.6899 1373.7100 1373.7700 1373.8300 1373.8900 1373.9399 1373.9399 1374 1374.0300 1374.0100 -9999 -9999 -9999 -9999 -9999 -9999 -9999 -9999 -9999 -9999
1371.2300 1371.2900 1371.3101 1371.3300 1371.4100 1371.4301 1371.4600 1371.5200 1371.5601 1371.6300 1371.6801 1371.7400 1371.7900 1371.8600 1371.9000 1372 1372.0601 1372.1300 1372.2100 1372.2500 1372.2600 1372.3800 1372.4700 1372.5000 1372.5100 1372.6100 1372.6600 1372.6899 1372.7000 1372.8000 1372.8700 1372.9399 1373.0100 1373.1000 1373.1801 1373.2400 1373.2700 1373.3199 1373.4301 1373.5000 1373.5699 1373.6400 1373.6700 1373.7400 1373.7700 1373.8500 1373.9000 1373.9399 1373.9399 1373.9700 -9999 -9999 -9999 -9999 -9999 -9999 -9999 -9999 -9999 -9999 -9999 -9999
1371.2600 1371.3000 1371.2900 1371.3600 1371.4000 1371.4399 1371.4800 1371.5300 1371.5900 1371.6400 1371.6899 1371.7700 1371.8600 1371.9100 1371.9600 1372.0500 1372.1100 1372.1600 1372.2300 1372.2900 1372.3199 1372.3700 1372.4800 1372.5200 1372.5800 1372.6300 1372.6700 1372.6801 1372.7600 1372.8400 1372.9000 1372.9600 1373.0200 1373.1000 1373.1700 1373.2200 1373.2600 1373.2800 1373.4301 1373.5000 1373.6000 1373.6600 1373.6899 1373.7600 1373.7900 1373.8300 1373.8900 1373.9200 1373.9399 1373.9500 -9999 -9999 -9999 -9999 -9999 -9999 -9999 -9999 -9999 -9999 -9999 -9999
1371.2600 1371.3000 1371.3400 1371.4100 1371.4100 1371.4900 1371.5400 1371.5699 1371.6000 1371.6899 1371.8199 1371.8800 1371.9100 1371.9600 1372.0100 1372.0800 1372.1500 1372.1899 1372.2300 1372.3000 1372.3500 1372.4100 1372.4700 1372.5200 1372.5601 1372.5800 1372.6000 1372.7200 1372.8101 1372.8199 1372.8800 1372.9301 1373.0100 1373.0900 1373.1300 1373.2100 1373.2600 1373.3400 1373.4399 1373.5601 1373.6600 1373.6700 1373.7200 1373.7600 1373.7800 1373.8199 1373.8700 1373.9000 1373.9100 -9999 -9999 -9999 -9999 -9999 -9999 -9999 -9999 -9999 -9999 -9999 -9999 -9999
1371.2500 1371.3101 1371.3600 1371.4500 1371.4900 1371.5400 1371.6100 1371.6801 1371.7300 1371.7900 1371.8400 1371.8800 1371.9399 1371.9900 1372.0300 1372.0800 1372.1400 1372.2000 1372.2500 1372.3199 1372.3600 1372.4100 1372.4399 1372.4900 1372.5400 1372.5800 1372.6500 1372.7100 1372.7900 1372.8500 1372.9100 1372.9399 1373.0200 1373.0601 1373.1100 1373.1899 1373.2800 1373.4100 1373.5100 1373.5900 1373.6400 1373.6700 1373.7300 1373.7700 1373.7800 1373.8101 1373.8600 1373.8800 1373.8900 -9999 -9999 -9999 -9999 -9999 -9999 -9999 -9999 -9999 -9999 -9999 -9999 -9999
1371.3199 1371.3800 1371.4600 1371.4900 1371.6100 1371.6000 1371.6801 1371.7100 1371.7800 1371.8101 1371.8500 1371.8600 1371.9700 1372.0500 1372.0800 1372.1300 1372.1600 1372.2100 1372.2600 1372.3000 1372.3600 1372.4100 1372.4399 1372.4800 1372.5500 1372.6000 1372.6400 1372.7000 1372.7700 1372.8400 1372.9000 1372.9700 1373.0601 1373.1000 1373.1100 1373.2300 1373.2900 1373.3900 1373.5100 1373.5900 1373.6200 1373.6700 1373.7200 1373.7500 1373.7800 1373.7900 1373.8400 1373.8600 -9999 -9999 -9999 -9999 -9999 -9999 -9999 -9999 -9999 -9999 -9999 -9999 -9999 -9999
1371.3800 1371.4700 1371.5000 1371.5601 1371.6500 1371.6899 1371.7200 1371.7500 1371.8199 1371.8800 1371.9301 1371.9399 1371.9800 1372.0699 1372.1100 1372.2200 1372.2300 1372.2800 1372.3000 1372.3300 1372.3800 1372.3800 1372.4200 1372.4900 1372.5699 1372.6400 1372.6400 1372.7100 1372.7500 1372.7800 1372.8800 1372.9900 1373.0601 1373.1100 -9999 -9999 1373.3500 1373.4200 1373.5500 1373.5800 1373.6200 1373.6600 1373.7000 1373.7000 1373.7400 1373.8000 1373.8199 -9999 -9999 -9999 -9999 -9999 -9999 -9999 -9999 -9999 -9999 -9999 -9999 -9999 -9999 -9999
1371.4600 1371.5100 1371.5300 1371.5900 1371.6801 1371.7500 1371.7800 1371.8101 1371.8900 1371.9399 1371.9700 1372.0300 1372.0699 1372.0900 1372.1500 1372.2300 1372.2700 1372.3101 1372.3199 1372.3400 1372.3800 1372.3800 1372.4200 1372.4500 1372.5800 1372.6400 1372.6400 1372.7000 1372.7700 1372.8300 1372.8700 1372.9200 1373.0100 -9999 -9999 -9999 -9999 -9999 -9999 1373.5800 1373.6300 1373.6700 1373.7200 1373.7400 1373.7500 1373.7800 1373.8000 -9999 -9999 -9999 -9999 -9999 -9999 -9999 -9999 -9999 -9999 -9999 -9999 -9999 -9999 -9999
1371.5000 1371.5400 1371.5601 1371.6100 1371.6801 1371.7500 1371.8000 1371.8400 1371.8900 1371.9700 1371.9700 1372.0300 1372.0699 1372.1100 1372.1600 1372.2000 1372.2600 1372.3101 1372.3400 1372.3300 1372.3700 1372.4000 1372.4100 1372.4700 1372.5300 1372.6000 1372.6700 -9999 -9999 -9999 -9999 -9999 -9999 -9999 -9999 -9999 -9999 -9999 -9999 -9999 1373.6400 1373.7000 1373.7300 1373.7300 -9999 1373.7700 -9999 -9999 -9999 -9999 -9999 -9999 -9999 -9999 -9999 -9999 -9999 -9999 -9999 -9999 -9999 -9999
1371.5100 1371.5800 1371.6000 1371.6400 1371.7300 1371.7900 1371.8600 1371.8900 1371.9399 1371.9600 1372.0100 1372.0699 1372.0800 1372.1500 1372.1700 1372.1899 1372.2400 1372.2600 1372.2700 1372.3000 1372.3500 1372.3700 1372.4100 1372.4700 1372.4800 1372.5699 -9999 -9999 -9999 -9999 -9999 -9999 -9999 -9999 -9999 -9999 -9999 -9999 -9999 -9999 -9999 -9999 -9999 -9999 -9999 -9999 -9999 -9999 -9999 -9999 -9999 -9999 -9999 -9999 -9999 -9999 -9999 -9999 -9999 -9999 -9999 -9999
1371.5200 1371.6000 1371.6000 1371.6400 1371.7400 1371.8199 1371.8900 1371.9200 1371.9600 1371.9900 1372.0400 1372.0900 1372.1300 1372.1500 1372.1600 1372.1700 1372.2100 1372.2500 1372.2800 1372.3101 1372.3600 1372.3500 1372.3800 1372.4500 1372.4900 -9999 -9999 -9999 -9999 -9999 -9999 -9999 -9999 -9999 -9999 -9999 -9999 -9999 -9999 -9999 -9999 -9999 -9999 -9999 -9999 -9999 -9999 -9999 -9999 -9999 -9999 -9999 -9999 -9999 -9999 -9999 -9999 -9999 -9999 -9999 -9999 -9999
1371.5699 1371.6200 1371.6300 1371.6500 1371.7200 1371.8199 1371.9000 1371.9399 1371.9500 1372 1372.0200 1372.0800 1372.1200 1372.1500 1372.1600 1372.1899 1372.2300 1372.2400 1372.2700 1372.3101 1372.3600 1372.3900 -9999 -9999 -9999 -9999 -9999 -9999 -9999 -9999 -9999 -9999 -9999 -9999 -9999 -9999 -9999 -9999 -9999 -9999 -9999 -9999 -9999 -9999 -9999 -9999 -9999 -9999 -9999 -9999 -9999 -9999 -9999 -9999 -9999 -9999 -9999 -9999 -9999 -9999 -9999 -9999
1371.6000 1371.6801 1371.7100 1371.7400 1371.7900 1371.8700 1371.9100 1371.9301 1371.9399 1371.9700 1372.0200 1372.0800 1372.0900 1372.1300 1372.1500 1372.1700 1372.2100 1372.2400 1372.2700 1372.3199 1372.3500 -9999 -9999 -9999 -9999 -9999 -9999 -9999 -9999 -9999 -9999 -9999 -9999 -9999 -9999 -9999 -9999 -9999 -9999 -9999 -9999 -9999 -9999 -9999 -9999 -9999 -9999 -9999 -9999 -9999 -9999 -9999 -9999 -9999 -9999 -9999 -9999 -9999 -9999 -9999 -9999 -9999
1371.5601 1371.6300 1371.7100 1371.7900 1371.8199 1371.8400 1371.8600 1371.9000 1371.9301 1371.9600 1372 1372.0400 1372.0800 1372.1200 1372.1300 1372.1500 1372.2000 1372.2400 1372.2900 -9999 -9999 -9999 -9999 -9999 -9999 -9999 -9999 -9999 -9999 -9999 -9999 -9999 -9999 -9999 -9999 -9999 -9999 -9999 -9999 -9999 -9999 -9999 -9999 -9999 -9999 -9999 -9999 -9999 -9999 -9999 -9999 -9999 -9999 -9999 -9999 -9999 -9999 -9999 -9999 -9999 -9999 -9999
