Inputs/LuckyHills103_1m.asc
ncols         296
nrows         242
xllcorner     589541.000000
yllcorner     3512325.500000
cellsize      1
NODATA_value  -9999
[rows 112 to 139 of 242, columns 0 to 61 of 296]
-9999 -9999 -9999 -9999 -9999 -9999 -9999 -9999 -9999 -9999 -9999 1367.9000 1367.8600 1367.8700 1367.8700 1367.8700 1367.8500 1367.8300 1367.8600 1367.8300 1367.8300 1367.8700 1367.8199 1367.8400 1367.8800 1367.8300 1367.8400 1367.8199 1367.7900 1367.8500 1367.8400 1367.8600 1367.8700 1367.8900 1367.9100 1367.8800 1367.8600 1367.8500 1367.8500 1367.8700 1367.8900 1367.8700 1367.8600 1367.8600 1367.8700 1367.8700 1367.8500 1367.8700 1367.8400 1367.8101 1367.7700 1367.7500 1367.7400 1367.6899 1367.5699 1367.4700 1367.3600 1367.2200 1367.0699 1366.9900 1366.8700 1366.7400
-9999 -9999 -9999 -9999 -9999 -9999 -9999 -9999 -9999 -9999 -9999 1367.8199 1367.8101 1367.8000 1367.7800 1367.7900 1367.7800 1367.7600 1367.7500 1367.7600 1367.8000 1367.8101 1367.7400 1367.7500 1367.7800 1367.8000 1367.8101 1367.7500 1367.7100 1367.7400 1367.8000 1367.8199 1367.8300 1367.8199 1367.8400 1367.8199 1367.8400 1367.8199 1367.8101 1367.8199 1367.8000 1367.7800 1367.7900 1367.8000 1367.8199 1367.8101 1367.8000 1367.8199 1367.8000 1367.7800 1367.7100 1367.7000 1367.6801 1367.6300 1367.5300 1367.4600 1367.3400 1367.1700 1367.0300 1366.9399 1366.8300 1366.7200
-9999 -9999 -9999 -9999 -9999 -9999 -9999 -9999 -9999 -9999 -9999 1367.7100 1367.7100 1367.7000 1367.7000 1367.6899 1367.6899 1367.6899 1367.7000 1367.7100 1367.7200 1367.7200 1367.6400 1367.6200 1367.6500 1367.7000 1367.7500 1367.6700 1367.6300 1367.6899 1367.7300 1367.7600 1367.8199 1367.7700 1367.7700 1367.7600 1367.7800 1367.7800 1367.7600 1367.7700 1367.7600 1367.7600 1367.7500 1367.7500 1367.7500 1367.7600 1367.7600 1367.7900 1367.7600 1367.7500 1367.7300 1367.6600 1367.6300 1367.5601 1367.4301 1367.3600 1367.2800 1367.1200 1366.9700 1366.8600 1366.7700 1366.6600
-9999 -9999 -9999 -9999 -9999 -9999 -9999 -9999 -9999 -9999 -9999 1367.6100 1367.6000 1367.6300 1367.6000 1367.6100 1367.6200 1367.6400 1367.6400 1367.6100 1367.5601 1367.5400 1367.4700 1367.4399 1367.5200 1367.6100 1367.6300 1367.5800 1367.5400 1367.6500 1367.6801 1367.6899 1367.7400 1367.7100 1367.6801 1367.7000 1367.7300 1367.7500 1367.7000 1367.6801 1367.7100 1367.6899 1367.6801 1367.6600 1367.6899 1367.7100 1367.7200 1367.7200 1367.7100 1367.6801 1367.7000 1367.6700 1367.6000 1367.5000 1367.4000 1367.3101 1367.1801 1367.0300 1366.8900 1366.7600 1366.6600 1366.7100
-9999 -9999 -9999 -9999 -9999 -9999 -9999 -9999 -9999 -9999 -9999 1367.5400 1367.5601 1367.5800 1367.5800 1367.5900 1367.5900 1367.5400 1367.5100 1367.5100 1367.4301 1367.3600 1367.2900 1367.3300 1367.4301 1367.5100 1367.5400 1367.4900 1367.4800 1367.5900 1367.6200 1367.6300 1367.6400 1367.6400 1367.6400 1367.6600 1367.6700 1367.6500 1367.6600 1367.6300 1367.6300 1367.6300 1367.6300 1367.6500 1367.6400 1367.6600 1367.6899 1367.6801 1367.6801 1367.6700 1367.6500 1367.6200 1367.5400 1367.4800 1367.3500 1367.2200 1367.0699 1366.9000 1366.7000 1366.5699 1366.6300 1366.8101
-9999 -9999 -9999 -9999 -9999 -9999 -9999 -9999 -9999 -9999 1367.4800 1367.4900 1367.4800 1367.5200 1367.5200 1367.5100 1367.4399 1367.4301 1367.3900 1367.3700 1367.2700 1367.1100 1367.0900 1367.2300 1367.3000 1367.3600 1367.3900 1367.3500 1367.4200 1367.5100 1367.5200 1367.5601 1367.6000 1367.6100 1367.5800 1367.5699 1367.5900 1367.6000 1367.6200 1367.5900 1367.5800 1367.5699 1367.5601 1367.5800 1367.5900 1367.6000 1367.6200 1367.6500 1367.6400 1367.6000 1367.5900 1367.5699 1367.5000 1367.3900 1367.2500 1367.1500 1366.9900 1366.7500 1366.4800 1366.5200 1366.6400 1366.8101
-9999 -9999 -9999 -9999 -9999 -9999 -9999 -9999 -9999 -9999 1367.4399 1367.4301 1367.4399 1367.4600 1367.4301 1367.3700 1367.2900 1367.2900 1367.2400 1367.1899 1367.0800 1366.9500 1367 1367.1300 1367.2500 1367.2800 1367.2800 1367.2400 1367.3300 1367.4200 1367.4600 1367.4900 1367.5400 1367.5601 1367.5400 1367.5400 1367.5500 1367.5300 1367.5400 1367.5601 1367.5500 1367.5200 1367.5300 1367.5100 1367.5200 1367.5601 1367.5601 1367.5601 1367.5601 1367.5601 1367.5699 1367.5000 1367.4100 1367.2800 1367.1801 1367.0900 1366.9200 1366.6200 1366.3900 1366.5100 1366.6300 1366.7500
-9999 -9999 -9999 -9999 -9999 -9999 -9999 -9999 -9999 -9999 1367.3700 1367.3700 1367.3700 1367.3500 1367.2900 1367.2100 1367.1899 1367.1899 1367.1200 1366.9500 1366.8800 1366.8400 1366.8600 1366.9900 1367.0800 1367.1500 1367.1600 1367.1400 1367.1899 1367.3000 1367.4100 1367.4700 1367.4600 1367.5000 1367.5100 1367.5000 1367.4900 1367.4800 1367.4600 1367.4800 1367.5100 1367.4800 1367.5000 1367.4900 1367.4900 1367.5000 1367.5000 1367.4900 1367.4900 1367.5200 1367.4900 1367.4200 1367.3600 1367.2100 1367.1700 1367.0200 1366.8101 1366.5500 1366.3900 1366.4301 1366.6100 1366.6801
-9999 -9999 -9999 -9999 -9999 -9999 -9999 -9999 -9999 1367.2600 1367.2700 1367.2800 1367.2700 1367.2400 1367.1899 1367.1000 1367.0500 1367.0200 1366.9600 1366.7500 1366.6600 1366.7100 1366.7900 1366.8500 1366.9000 1366.9700 1367.0200 1367.0100 1367.0800 1367.2400 1367.3400 1367.4000 1367.4399 1367.4200 1367.4399 1367.4399 1367.4301 1367.4000 1367.4100 1367.4399 1367.4700 1367.4600 1367.4100 1367.4301 1367.4500 1367.4399 1367.4301 1367.4200 1367.4500 1367.4500 1367.4399 1367.3900 1367.2800 1367.1801 1367.1100 1366.9900 1366.7900 1366.5900 1366.3900 1366.3101 1366.4800 1366.5601
-9999 -9999 -9999 -9999 -9999 -9999 -9999 -9999 -9999 1367.1801 1367.1899 1367.2000 1367.2200 1367.2500 1367.2000 1367.0100 1366.9301 1366.8900 1366.7900 1366.5900 1366.4900 1366.5000 1366.5900 1366.7000 1366.7700 1366.8101 1366.8101 1366.8300 1367.0601 1367.2200 1367.3000 1367.3500 1367.3700 1367.3700 1367.3700 1367.3900 1367.4100 1367.3900 1367.3500 1367.3900 1367.4000 1367.3700 1367.3700 1367.3700 1367.3700 1367.3700 1367.3700 1367.3800 1367.4000 1367.4000 1367.4000 1367.3500 1367.2300 1367.1700 1367.0400 1366.9399 1366.7800 1366.5900 1366.4200 1366.2800 1366.3600 1366.4399
-9999 -9999 -9999 -9999 -9999 -9999 -9999 -9999 -9999 1367.1200 1367.1200 1367.1200 1367.1100 1367.1000 1367.0601 1366.8800 1366.7800 1366.7100 1366.6300 1366.5300 1366.3800 1366.3800 1366.4600 1366.5400 1366.5900 1366.6200 1366.6600 1366.8199 1367.0300 1367.1801 1367.2500 1367.2800 1367.3101 1367.3300 1367.3101 1367.3199 1367.3500 1367.3500 1367.3300 1367.3199 1367.3199 1367.3199 1367.3300 1367.3300 1367.3000 1367.3101 1367.3101 1367.3400 1367.3600 1367.3900 1367.3700 1367.3101 1367.2200 1367.1801 1367 1366.9100 1366.7800 1366.5800 1366.4301 1366.2600 1366.2500 1366.3500
-9999 -9999 -9999 -9999 -9999 -9999 -9999 -9999 1367.0200 1367.0400 1367.0400 1367.0400 1367.0400 1366.9600 1366.9399 1366.8000 1366.7400 1366.6000 1366.5300 1366.4301 1366.2300 1366.2300 1366.2900 1366.3900 1366.4200 1366.4800 1366.5900 1366.7700 1366.9600 1367.1000 1367.1700 1367.2200 1367.2400 1367.2600 1367.2600 1367.2700 1367.2600 1367.2700 1367.2900 1367.2800 1367.2400 1367.2600 1367.2200 1367.2200 1367.2100 1367.2600 1367.2400 1367.2800 1367.3199 1367.3400 1367.3400 1367.2700 1367.1400 1367.0601 1366.9900 1366.8500 1366.7600 1366.5800 1366.4301 1366.2800 1366.1600 1366.2400
-9999 -9999 -9999 -9999 -9999 -9999 -9999 -9999 1366.9399 1366.9600 1366.9700 1366.9500 1366.9301 1366.8199 1366.7800 1366.6500 1366.6200 1366.4900 1366.3600 1366.3199 1366.1500 1366.1000 1366.0900 1366.1801 1366.2600 1366.3300 1366.5100 1366.6700 1366.8400 1366.9700 1367.0601 1367.1500 1367.1801 1367.2000 1367.1899 1367.2000 1367.2000 1367.2000 1367.2100 1367.2200 1367.2000 1367.2000 1367.1500 1367.1300 1367.1600 1367.2000 1367.1899 1367.2300 1367.2600 1367.2700 1367.2900 1367.2400 1367.0800 1367.0300 1366.9301 1366.7600 1366.6500 1366.5300 1366.4000 1366.2800 1366.1000 1366.1400
-9999 -9999 -9999 -9999 -9999 -9999 -9999 -9999 1366.9399 1366.9100 1366.9200 1366.8800 1366.8199 1366.7300 1366.6700 1366.5400 1366.4700 1366.3700 1366.2300 1366.1100 1366.0300 1365.9600 1365.9600 1366.0601 1366.1400 1366.2200 1366.4600 1366.6100 1366.7400 1366.8500 1366.9500 1367.0400 1367.1100 1367.1400 1367.1400 1367.1600 1367.1801 1367.1500 1367.1400 1367.1801 1367.1801 1367.1400 1367.0800 1367.0800 1367.1000 1367.1400 1367.1600 1367.2000 1367.2100 1367.2400 1367.2500 1367.1600 1367.0601 1366.9700 1366.8700 1366.7100 1366.5900 1366.4800 1366.3600 1366.2100 1366.0200 1366.0100
-9999 -9999 -9999 -9999 -9999 -9999 -9999 -9999 -9999 1366.8500 1366.8600 1366.8199 1366.7800 1366.6300 1366.5400 1366.4399 1366.3600 1366.2500 1366.1100 1365.9800 1365.9900 1365.8600 1365.8500 1365.9900 1366.0500 1366.1100 1366.3101 1366.4600 1366.5900 1366.7300 1366.8300 1366.9100 1366.9700 1367.0601 1367.0800 1367.0900 1367.1000 1367.0900 1367.0500 1367.0601 1367.0800 1367 1367 1367.0100 1367.0601 1367.0800 1367.1200 1367.1400 1367.1700 1367.1801 1367.1400 1367.0800 1367.0200 1366.9200 1366.8199 1366.6700 1366.5300 1366.4100 1366.3300 1366.1500 1365.9500 1366.0200
-9999 -9999 -9999 -9999 -9999 -9999 -9999 -9999 -9999 1366.7900 1366.7700 1366.7400 1366.6700 1366.5800 1366.4399 1366.3101 1366.2400 1366.1200 1366 1365.8900 1365.8199 1365.8101 1365.8199 1365.8900 1365.9600 1366.0900 1366.2400 1366.3400 1366.4700 1366.5900 1366.6899 1366.7700 1366.8199 1366.9200 1367 1367.0200 1367.0100 1367.0300 1366.9600 1366.9500 1366.9600 1366.9301 1366.9000 1366.9301 1367 1367.0300 1367.0601 1367.0800 1367.0800 1367.0500 1367.0601 1366.9900 1366.9500 1366.8300 1366.7500 1366.6200 1366.4200 1366.3500 1366.2800 1366.0699 1365.8700 1366.0200
-9999 -9999 -9999 -9999 -9999 -9999 -9999 -9999 -9999 1366.7200 1366.6801 1366.6400 1366.5601 1366.5200 1366.4100 1366.3000 1366.1700 1366.0400 1365.9100 1365.8101 1365.7400 1365.6500 1365.7800 1365.8600 1365.9200 1366.0300 1366.1300 1366.2200 1366.3400 1366.4500 1366.5300 1366.6400 1366.7300 1366.8000 1366.8800 1366.9399 1366.9500 1366.9301 1366.8900 1366.8900 1366.8800 1366.8600 1366.8199 1366.9000 1366.9800 1367 1367 1367 1366.9900 1367.0300 1367 1366.9301 1366.8400 1366.7700 1366.6000 1366.5000 1366.3700 1366.2500 1366.1300 1365.9000 1365.8199 1365.9500
-9999 -9999 -9999 -9999 -9999 -9999 -9999 -9999 1366.6400 1366.6400 1366.5900 1366.5300 1366.5000 1366.4600 1366.3600 1366.2500 1366.0800 1365.9700 1365.8500 1365.7800 1365.7300 1365.6300 1365.7000 1365.8000 1365.9000 1365.9301 1366.0100 1366.1300 1366.2100 1366.2800 1366.4399 1366.5100 1366.5900 1366.6899 1366.8000 1366.8900 1366.8500 1366.8500 1366.8600 1366.8300 1366.8101 1366.8101 1366.8101 1366.8700 1366.9500 1366.9600 1366.9301 1366.9301 1366.9301 1366.9301 1366.8800 1366.7900 1366.7200 1366.6100 1366.5000 1366.4200 1366.3300 1366.2500 1366.1400 1365.9301 1365.7400 1365.9100
-9999 -9999 -9999 -9999 -9999 -9999 -9999 1366.4800 1366.5100 1366.5400 1366.4800 1366.4399 1366.3700 1366.3400 1366.2300 1366.1000 1366 1365.9200 1365.8400 1365.7400 1365.6899 1365.5900 1365.6700 1365.8000 1365.8300 1365.8101 1365.8700 1365.9900 1366.0500 1366.1300 1366.2200 1366.3300 1366.4000 1366.5400 1366.6801 1366.8300 1366.8000 1366.7900 1366.7800 1366.7700 1366.7500 1366.7200 1366.7800 1366.8500 1366.8800 1366.8900 1366.8800 1366.8600 1366.8101 1366.7700 1366.7300 1366.6700 1366.5699 1366.4700 1366.4000 1366.3199 1366.2600 1366.2200 1366.0900 1365.9200 1365.6801 1365.8199
-9999 -9999 -9999 -9999 -9999 -9999 -9999 1366.3700 1366.3900 1366.4000 1366.3800 1366.3300 1366.2400 1366.1500 1366.0500 1365.9600 1365.8800 1365.8199 1365.7700 1365.6400 1365.5800 1365.4600 1365.5400 1365.6899 1365.7400 1365.7200 1365.7800 1365.8700 1365.9301 1366 1366.0900 1366.1700 1366.2800 1366.4200 1366.5900 1366.6899 1366.7000 1366.7000 1366.6801 1366.7000 1366.6801 1366.6899 1366.7400 1366.8101 1366.8101 1366.8199 1366.8101 1366.7900 1366.7200 1366.6899 1366.6400 1366.5699 1366.4700 1366.4000 1366.3199 1366.2500 1366.1801 1366.1500 1366 1365.8199 1365.6200 1365.7200
-9999 -9999 -9999 -9999 -9999 -9999 -9999 1366.2600 1366.2900 1366.3000 1366.2500 1366.2000 1366.1300 1366.0601 1365.9900 1365.9500 1365.8000 1365.7200 1365.6500 1365.5900 1365.5300 1365.4399 1365.4100 1365.5200 1365.5900 1365.6300 1365.6400 1365.6801 1365.7800 1365.8300 1365.9900 1366.1000 1366.2300 1366.3400 1366.5300 1366.5601 1366.5900 1366.6400 1366.6200 1366.6100 1366.6100 1366.5900 1366.6600 1366.7500 1366.7600 1366.7600 1366.7700 1366.7200 1366.6700 1366.5800 1366.5200 1366.4301 1366.3700 1366.3101 1366.2100 1366.1801 1366.1200 1366.0400 1365.9399 1365.8199 1365.6300 1365.6500
-9999 -9999 -9999 -9999 -9999 -9999 -9999 1366.1600 1366.1600 1366.1600 1366.1300 1366.0699 1365.9700 1365.9600 1365.9100 1365.8600 1365.7500 1365.6400 1365.6100 1365.5000 1365.4600 1365.3600 1365.3300 1365.4700 1365.5200 1365.5400 1365.5500 1365.5900 1365.6801 1365.8101 1365.9399 1366.0100 1366.0699 1366.2100 1366.3500 1366.4800 1366.5200 1366.5100 1366.5500 1366.5100 1366.5100 1366.5300 1366.5800 1366.6600 1366.7100 1366.7000 1366.6899 1366.6300 1366.5400 1366.4800 1366.4200 1366.3199 1366.2600 1366.2000 1366.1801 1366.0900 1366.0300 1365.9600 1365.8300 1365.7300 1365.5601 1365.6100
-9999 -9999 -9999 -9999 -9999 -9999 -9999 1366.0100 1366.0100 1366.0100 1365.9900 1365.9600 1365.8800 1365.8500 1365.8199 1365.7500 1365.6899 1365.5800 1365.5300 1365.4301 1365.3700 1365.2700 1365.3400 1365.3800 1365.3900 1365.4000 1365.4301 1365.4700 1365.5699 1365.6899 1365.8800 1365.9399 1366.0200 1366.1200 1366.2700 1366.4399 1366.4800 1366.4600 1366.4500 1366.4500 1366.4200 1366.4900 1366.5400 1366.5699 1366.6400 1366.6500 1366.6000 1366.5300 1366.4600 1366.3800 1366.3199 1366.2400 1366.1700 1366.0900 1366.0699 1365.9800 1365.9000 1365.8500 1365.7200 1365.6500 1365.5200 1365.5500
-9999 -9999 -9999 -9999 -9999 -9999 -9999 1365.8600 1365.8700 1365.8800 1365.8300 1365.8300 1365.7700 1365.7600 1365.7300 1365.6700 1365.6200 1365.5500 1365.4900 1365.3600 1365.2800 1365.1801 1365.2400 1365.2900 1365.3101 1365.3000 1365.3300 1365.4000 1365.5400 1365.6300 1365.7700 1365.8800 1365.9600 1366.0900 1366.1801 1366.3300 1366.4399 1366.4301 1366.3900 1366.3500 1366.3600 1366.4000 1366.4399 1366.4900 1366.5400 1366.5500 1366.5200 1366.4600 1366.3700 1366.3000 1366.2200 1366.1400 1366.0601 1365.9800 1365.9399 1365.9000 1365.7900 1365.7500 1365.6300 1365.5699 1365.4500 1365.6100
-9999 -9999 -9999 -9999 -9999 -9999 -9999 1365.7700 1365.7800 1365.7600 1365.7000 1365.7000 1365.6899 1365.6600 1365.6400 1365.6000 1365.5699 1365.4800 1365.4100 1365.2700 1365.1000 1365.1500 1365.2200 1365.2700 1365.2600 1365.2100 1365.2200 1365.3199 1365.4301 1365.5400 1365.6899 1365.8300 1365.9200 1366.0400 1366.1500 1366.2000 1366.3400 1366.3400 1366.3500 1366.3199 1366.2300 1366.3000 1366.3300 1366.4000 1366.4200 1366.4399 1366.4600 1366.3800 1366.2700 1366.2300 1366.2000 1366.0800 1366.0500 1365.9399 1365.8800 1365.7500 1365.6700 1365.6600 1365.5200 1365.4700 1365.4700 1365.7100
-9999 -9999 -9999 -9999 -9999 -9999 -9999 -9999 1365.6600 1365.6300 1365.6200 1365.6000 1365.6000 1365.5601 1365.5300 1365.5300 1365.5000 1365.4200 1365.3300 1365.1600 1364.9301 1365.0200 1365.1200 1365.2100 1365.2400 1365.1600 1365.1500 1365.2300 1365.3400 1365.4301 1365.5601 1365.7200 1365.8800 1365.9800 1366.0699 1366.1700 1366.2400 1366.2900 1366.2900 1366.2500 1366.1500 1366.2100 1366.2200 1366.2900 1366.3300 1366.3300 1366.3300 1366.2900 1366.2200 1366.1801 1366.1100 1365.9900 1365.9700 1365.8800 1365.7800 1365.6300 1365.5800 1365.5500 1365.4100 1365.3500 1365.5601 1365.8300
-9999 -9999 -9999 -9999 -9999 -9999 -9999 1365.5900 1365.5500 1365.5200 1365.5200 1365.5100 1365.5100 1365.4900 1365.4500 1365.4500 1365.4301 1365.3400 1365.2400 1365.1100 1364.9500 1364.9301 1365.0699 1365.1500 1365.1899 1365.1200 1365.0200 1365.1899 1365.2600 1365.3600 1365.5100 1365.6400 1365.8101 1365.9301 1366 1366.0800 1366.1899 1366.2100 1366.2100 1366.1801 1366.1400 1366.1200 1366.1200 1366.1400 1366.2100 1366.2200 1366.2100 1366.2100 1366.1400 1366.1000 1365.9800 1365.9200 1365.9000 1365.8199 1365.7100 1365.5800 1365.5100 1365.4200 1365.3800 1365.4800 1365.6600 1365.8500
-9999 -9999 -9999 -9999 -9999 -9999 -9999 1365.4800 1365.4600 1365.4301 1365.4200 1365.4399 1365.4200 1365.3500 1365.3800 1365.3600 1365.3300 1365.2500 1365.1700 1365.0900 1364.9900 1364.7600 1364.9900 1365.0900 1365.1000 1365.0800 1365 1365.1100 1365.2200 1365.3400 1365.5100 1365.6200 1365.7600 1365.8600 1365.9399 1366.0300 1366.1400 1366.1500 1366.1400 1366.1000 1366.0800 1366 1366.0300 1366.0601 1366.0699 1366.1000 1366.1100 1366.1000 1366.0300 1365.9900 1365.9399 1365.8700 1365.8199 1365.8000 1365.6700 1365.5601 1365.4600 1365.3101 1365.3700 1365.6000 1365.7400 1365.9000
