Inputs/LuckyHills103_10m.asc
ncols        32
nrows        26
xllcorner    589534.924908888876
yllcorner    3512329.174533145037
cellsize     9.335904665359
 -9999.0 -9999 -9999 -9999 -9999 -9999 -9999 -9999 -9999 -9999 -9999 -9999 -9999 -9999 -9999 -9999 -9999 -9999 -9999 -9999 -9999 -9999 -9999 -9999 -9999 -9999 -9999 -9999 -9999 -9999 1375.392822265625 1375.6695556640625
 -9999 -9999 -9999 -9999 -9999 -9999 -9999 -9999 -9999 -9999 -9999 -9999 -9999 -9999 -9999 -9999 -9999 -9999 -9999 -9999 -9999 -9999 -9999 -9999 -9999 -9999 -9999 -9999 -9999 1375.03076171875 1375.2440185546875 1375.5
 -9999 -9999 -9999 -9999 -9999 -9999 -9999 -9999 -9999 -9999 -9999 -9999 -9999 -9999 -9999 -9999 -9999 -9999 -9999 -9999 -9999 -9999 -9999 -9999 -9999 -9999 -9999 -9999 1374.586669921875 1374.7890625 1375.0687255859375 -9999
 -9999 -9999 -9999 -9999 -9999 -9999 -9999 -9999 -9999 -9999 -9999 -9999 -9999 -9999 -9999 -9999 -9999 -9999 -9999 -9999 1372.47998046875 1372.69287109375 1372.9034423828125 1373.2518310546875 1373.4921875 1373.6842041015625 1373.896728515625 1374.0721435546875 1374.3544921875 1374.5439453125 1374.74853515625 -9999
 -9999 -9999 -9999 -9999 -9999 -9999 -9999 -9999 -9999 -9999 -9999 -9999 -9999 -9999 -9999 -9999 -9999 -9999 1372.0511474609375 1372.1885986328125 1372.4365234375 1372.6346435546875 1372.79541015625 1373.1007080078125 1373.3253173828125 1373.5635986328125 1373.5562744140625 1373.90185546875 1374.1285400390625 1374.375244140625 1374.489990234375 -9999
 -9999 -9999 -9999 -9999 -9999 -9999 -9999 -9999 -9999 -9999 -9999 -9999 -9999 -9999 -9999 -9999 1371.7845458984375 1371.9075927734375 1372.0511474609375 1371.7852783203125 1371.932373046875 1372.1331787109375 1372.136962890625 1372.379638671875 1372.616943359375 1372.6865234375 1372.9681396484375 1373.2886962890625 1373.7109375 1374.1500244140625 -9999 -9999
 -9999 -9999 -9999 -9999 -9999 -9999 -9999 -9999 -9999 -9999 -9999 -9999 -9999 1370.86572265625 1371.1473388671875 1371.3519287109375 1371.624267578125 1371.7598876953125 1371.659423828125 1371.7852783203125 1371.932373046875 1372.1331787109375 1372.136962890625 1372.379638671875 1372.616943359375 1372.6865234375 1372.9681396484375 1373.2886962890625 1373.7109375 1374.1500244140625 -9999 -9999
 -9999 -9999 -9999 -9999 -9999 -9999 -9999 -9999 -9999 1369.7664794921875 1369.9608154296875 1370.1895751953125 1370.35302734375 1370.5264892578125 1370.6082763671875 1370.772216796875 1370.9285888671875 1371.150634765625 1371.0703125 1371.2117919921875 1371.356201171875 1371.41162109375 1371.658447265625 1371.6650390625 1371.9993896484375 1372.212158203125 1372.4930419921875 1373.12451171875 1373.672119140625 1373.917724609375 -9999 -9999
 -9999 -9999 -9999 -9999 -9999 1369.396240234375 1369.4910888671875 1369.4622802734375 1369.53857421875 1369.5872802734375 1369.710205078125 1369.9412841796875 1370.1231689453125 1370.07275390625 1370.2381591796875 1370.3651123046875 1370.564453125 1370.6405029296875 1370.5343017578125 1370.720458984375 1370.8245849609375 1370.7537841796875 1370.947998046875 1371.042724609375 1372.123046875 1372.493408203125 1372.9881591796875 1373.3824462890625 1373.6571044921875 -9999 -9999 -9999
 1368.8118896484375 1369.091552734375 1369.140625 1369.2493896484375 1369.36865234375 1369.21142578125 1369.119873046875 1369.1129150390625 1369.24951171875 1369.2457275390625 1369.385986328125 1369.6141357421875 1369.6798095703125 1369.759521484375 1369.699951171875 1370.06005859375 1370.0579833984375 1369.9595947265625 1369.97607421875 1370.1141357421875 1370.0196533203125 1370.41845703125 1370.6246337890625 1371.2203369140625 1372.2225341796875 1372.7603759765625 1373.2484130859375 1373.471435546875 1373.6875 -9999 -9999 -9999
 1368.8197021484375 1369.0836181640625 1369.0338134765625 1368.9415283203125 1368.9130859375 1368.855224609375 1368.6925048828125 1368.5264892578125 1368.5904541015625 1368.74169921875 1369.0048828125 1369.1917724609375 1369.1409912109375 1368.89013671875 1369.411865234375 1369.46435546875 1369.6285400390625 1369.47119140625 1369.3853759765625 1369.5352783203125 1369.9725341796875 1370.336181640625 1370.8802490234375 1371.5670166015625 1372.5084228515625 1373.1796875 1373.359375 1373.597900390625 -9999 -9999 -9999 -9999
 1368.5699462890625 1368.5943603515625 1368.5147705078125 1368.3543701171875 1368.3258056640625 1368.313232421875 1368.124755859375 1367.4873046875 1368.09521484375 1368.3372802734375 1368.557861328125 1368.4534912109375 1367.9541015625 1368.559326171875 1368.7354736328125 1368.896728515625 1368.9327392578125 1369.1396484375 1369.3697509765625 1369.59765625 1370.243896484375 1370.8372802734375 1371.25 1371.790283203125 1372.809814453125 1373.190185546875 1373.5374755859375 1373.9029541015625 -9999 -9999 -9999 -9999
 1367.6490478515625 1367.6715087890625 1367.6590576171875 1367.6322021484375 1367.7750244140625 1367.7540283203125 1367.66943359375 1366.8363037109375 1367.6512451171875 1367.82421875 1367.4942626953125 1366.50537109375 1367.516357421875 1367.71533203125 1368.0296630859375 1368.0296630859375 1368.5882568359375 1368.9271240234375 1369.6190185546875 1370.2491455078125 1370.512451171875 1371.0919189453125 1371.5028076171875 1372.1083984375 1372.937255859375 1373.501708984375 1374.0633544921875 1374.162841796875 -9999 -9999 -9999 -9999
 1366.686767578125 1366.9468994140625 1366.570068359375 1366.2432861328125 1367.1800537109375 1367.1337890625 1367.23095703125 1366.1083984375 1366.7109375 1366.5147705078125 1365.0709228515625 1366.92041015625 1367.320068359375 1367.866943359375 1368.04150390625 1368.720458984375 1369.20263671875 1369.707763671875 1370.160400390625 1370.5185546875 1370.8963623046875 1371.3184814453125 1371.8775634765625 1372.2496337890625 1373.5638427734375 1374.055908203125 -9999 -9999 -9999 -9999 -9999 -9999
 1365.6182861328125 1365.884521484375 1365.6336669921875 1365.3271484375 1366.141845703125 1366.4996337890625 1366.2161865234375 1365.5322265625 1366.5426025390625 1366.4241943359375 1366.5157470703125 1367.1241455078125 1367.6553955078125 1367.8712158203125 1368.5328369140625 1369.1890869140625 1369.6163330078125 1369.8819580078125 1370.307861328125 1370.7476806640625 1371.2093505859375 1371.76123046875 1372.162353515625 1372.43701171875 1372.9747314453125 1373.82763671875 -9999 -9999 -9999 -9999 -9999 -9999
 1365.6182861328125 1365.884521484375 1365.6336669921875 1365.3271484375 1366.141845703125 1366.4996337890625 1366.2161865234375 1365.718505859375 1364.668701171875 1366.353759765625 1366.749267578125 1367.2738037109375 1367.8736572265625 1368.3062744140625 1369.01025390625 1369.5040283203125 1369.7301025390625 1370.1280517578125 1370.4920654296875 1370.9803466796875 1371.46435546875 1371.8057861328125 1372.1263427734375 1372.433349609375 1372.8330078125 1373.4892578125 -9999 -9999 -9999 -9999 -9999 -9999
 1364.8291015625 1365.150634765625 1364.7928466796875 1364.748291015625 1365.855224609375 1365.447021484375 1365.3311767578125 1365.718505859375 1364.668701171875 1366.353759765625 1366.749267578125 1367.2738037109375 1367.8736572265625 1368.3062744140625 1369.01025390625 1369.5040283203125 1369.7301025390625 1370.1280517578125 1370.4920654296875 1371.1448974609375 1371.33154296875 1371.5037841796875 1371.6964111328125 1371.9559326171875 1372.4010009765625 1372.94091796875 -9999 -9999 -9999 -9999 -9999 -9999
 1364.9832763671875 1364.99560546875 1364.1778564453125 1364.5447998046875 1364.96533203125 1364.3865966796875 1364.19970703125 1364.19970703125 1364.2786865234375 1365.7977294921875 1366.951416015625 1367.9033203125 1368.4569091796875 1368.8819580078125 1369.2652587890625 1369.718505859375 1369.9688720703125 1370.3961181640625 1370.7493896484375 -9999 -9999 -9999 -9999 -9999 -9999 -9999 -9999 -9999 -9999 -9999 -9999 -9999
 1364.87890625 1365.0406494140625 1363.8714599609375 1363.96240234375 1363.9376220703125 1364.1243896484375 1364.93994140625 1365.43310546875 1365.727783203125 1366.6593017578125 1367.926513671875 1368.299560546875 1368.7742919921875 1369.1981201171875 1369.510009765625 1369.771484375 1370.1966552734375 -9999 -9999 -9999 -9999 -9999 -9999 -9999 -9999 -9999 -9999 -9999 -9999 -9999 -9999 -9999
 1363.9364013671875 1363.998779296875 1363.169189453125 1363.169189453125 1363.947509765625 1364.6016845703125 1365.158935546875 1365.935546875 1366.564697265625 1367.113037109375 1368.28759765625 1368.6956787109375 1368.9765625 1369.3414306640625 1369.6827392578125 1369.922119140625 -9999 -9999 -9999 -9999 -9999 -9999 -9999 -9999 -9999 -9999 -9999 -9999 -9999 -9999 -9999 -9999
 1363.350341796875 1362.5380859375 1363.24853515625 1363.229736328125 1364.0517578125 1365.0479736328125 1366.1663818359375 1366.7593994140625 1367.26513671875 1367.673828125 1368.4583740234375 1368.8941650390625 1369.20556640625 1369.7193603515625 1370.0518798828125 -9999 -9999 -9999 -9999 -9999 -9999 -9999 -9999 -9999 -9999 -9999 -9999 -9999 -9999 -9999 -9999 -9999
 1361.78564453125 1363.13427734375 1364.2449951171875 1364.486083984375 1365.217529296875 1365.52734375 1365.84423828125 1367.10595703125 1367.626708984375 1367.971435546875 1368.71923828125 1369.1649169921875 1369.5211181640625 -9999 -9999 -9999 -9999 -9999 -9999 -9999 -9999 -9999 -9999 -9999 -9999 -9999 -9999 -9999 -9999 -9999 -9999 -9999
 1362.769287109375 1364.0087890625 1365.953125 1366.3309326171875 1366.637939453125 1366.96728515625 1367.273681640625 1367.3209228515625 1367.848388671875 1368.192626953125 1368.9432373046875 1369.2916259765625 -9999 -9999 -9999 -9999 -9999 -9999 -9999 -9999 -9999 -9999 -9999 -9999 -9999 -9999 -9999 -9999 -9999 -9999 -9999 -9999
 1363.9327392578125 1365.839111328125 1366.5323486328125 1366.9276123046875 1367.1552734375 1367.3692626953125 1367.6866455078125 1367.9329833984375 1368.256591796875 1368.749267578125 1369.3431396484375 -9999 -9999 -9999 -9999 -9999 -9999 -9999 -9999 -9999 -9999 -9999 -9999 -9999 -9999 -9999 -9999 -9999 -9999 -9999 -9999 -9999
 1365.9024658203125 1366.45654296875 1366.8394775390625 1367.3177490234375 1367.693115234375 1367.9892578125 1368.20263671875 1368.4163818359375 1368.70556640625 1368.9854736328125 -9999 -9999 -9999 -9999 -9999 -9999 -9999 -9999 -9999 -9999 -9999 -9999 -9999 -9999 -9999 -9999 -9999 -9999 -9999 -9999 -9999 -9999
 1366.182373046875 1366.7373046875 1367.1845703125 1367.6651611328125 1368.016845703125 1368.4454345703125 1368.5921630859375 1368.7818603515625 1368.9691162109375 -9999 -9999 -9999 -9999 -9999 -9999 -9999 -9999 -9999 -9999 -9999 -9999 -9999 -9999 -9999 -9999 -9999 -9999 -9999 -9999 -9999 -9999 -9999
