Inputs/LuckyHills103_1m.asc
ncols         296
nrows         242
xllcorner     589541.000000
yllcorner     3512325.500000
cellsize      1
NODATA_value  -9999
[rows 28 to 55 of 242, columns 124 to 185 of 296]
-9999 -9999 -9999 -9999 -9999 -9999 -9999 -9999 -9999 -9999 -9999 -9999 -9999 -9999 -9999 -9999 -9999 -9999 -9999 -9999 -9999 -9999 -9999 -9999 -9999 -9999 -9999 -9999 -9999 -9999 -9999 -9999 -9999 -9999 -9999 -9999 -9999 -9999 -9999 -9999 -9999 -9999 -9999 -9999 -9999 -9999 -9999 -9999 -9999 -9999 -9999 -9999 -9999 -9999 -9999 -9999 -9999 -9999 -9999 -9999 -9999 -9999
-9999 -9999 -9999 -9999 -9999 -9999 -9999 -9999 -9999 -9999 -9999 -9999 -9999 -9999 -9999 -9999 -9999 -9999 -9999 -9999 -9999 -9999 -9999 -9999 -9999 -9999 -9999 -9999 -9999 -9999 -9999 -9999 -9999 -9999 -9999 -9999 -9999 -9999 -9999 -9999 -9999 -9999 -9999 -9999 -9999 -9999 -9999 -9999 -9999 -9999 -9999 -9999 -9999 -9999 -9999 -9999 -9999 -9999 -9999 -9999 -9999 -9999
-9999 -9999 -9999 -9999 -9999 -9999 -9999 -9999 -9999 -9999 -9999 -9999 -9999 -9999 -9999 -9999 -9999 -9999 -9999 -9999 -9999 -9999 -9999 -9999 -9999 -9999 -9999 -9999 -9999 -9999 -9999 -9999 -9999 -9999 -9999 -9999 -9999 -9999 -9999 -9999 -9999 -9999 -9999 -9999 -9999 -9999 -9999 -9999 -9999 -9999 -9999 -9999 -9999 -9999 -9999 -9999 -9999 -9999 -9999 -9999 -9999 -9999
-9999 -9999 -9999 -9999 -9999 -9999 -9999 -9999 -9999 -9999 -9999 -9999 -9999 -9999 -9999 -9999 -9999 -9999 -9999 -9999 -9999 -9999 -9999 -9999 -9999 -9999 -9999 -9999 -9999 -9999 -9999 -9999 -9999 -9999 -9999 -9999 -9999 -9999 -9999 -9999 -9999 -9999 -9999 -9999 -9999 -9999 -9999 -9999 -9999 -9999 -9999 -9999 -9999 1372.3800 -9999 -9999 1372.4600 1372.4800 -9999 1372.5000 -9999 -9999
-9999 -9999 -9999 -9999 -9999 -9999 -9999 -9999 -9999 -9999 -9999 -9999 -9999 -9999 -9999 -9999 -9999 -9999 -9999 -9999 -9999 -9999 -9999 -9999 -9999 -9999 -9999 -9999 -9999 -9999 -9999 -9999 -9999 -9999 -9999 -9999 -9999 -9999 -9999 -9999 -9999 -9999 -9999 -9999 -9999 -9999 -9999 -9999 -9999 -9999 -9999 -9999 1372.4000 1372.3900 1372.4000 1372.4200 1372.4500 1372.4900 1372.4800 1372.5100 1372.5400 1372.5601
-9999 -9999 -9999 -9999 -9999 -9999 -9999 -9999 -9999 -9999 -9999 -9999 -9999 -9999 -9999 -9999 -9999 -9999 -9999 -9999 -9999 -9999 -9999 -9999 -9999 -9999 -9999 -9999 -9999 -9999 -9999 -9999 -9999 -9999 -9999 -9999 -9999 -9999 -9999 -9999 -9999 -9999 -9999 -9999 -9999 -9999 -9999 1372.2600 1372.2700 1372.2800 1372.3300 1372.3600 1372.3600 1372.3700 1372.3900 1372.4100 1372.4301 1372.4700 1372.4900 1372.5000 1372.5200 1372.5601
-9999 -9999 -9999 -9999 -9999 -9999 -9999 -9999 -9999 -9999 -9999 -9999 -9999 -9999 -9999 -9999 -9999 -9999 -9999 -9999 -9999 -9999 -9999 -9999 -9999 -9999 -9999 -9999 -9999 -9999 -9999 -9999 -9999 -9999 -9999 -9999 -9999 -9999 -9999 -9999 -9999 -9999 -9999 -9999 -9999 -9999 -9999 1372.2300 1372.2700 1372.2800 1372.2700 1372.3000 1372.3400 1372.3600 1372.3800 1372.4200 1372.4399 1372.4600 1372.4800 1372.5000 1372.5300 1372.5601
-9999 -9999 -9999 -9999 -9999 -9999 -9999 -9999 -9999 -9999 -9999 -9999 -9999 -9999 -9999 -9999 -9999 -9999 -9999 -9999 -9999 -9999 -9999 -9999 -9999 -9999 -9999 -9999 -9999 -9999 -9999 -9999 -9999 -9999 -9999 -9999 -9999 -9999 -9999 -9999 -9999 -9999 -9999 -9999 -9999 -9999 -9999 1372.2200 1372.2500 1372.2800 1372.2700 1372.2900 1372.3300 1372.3400 1372.3900 1372.4301 1372.4399 1372.4500 1372.4900 1372.5000 1372.5200 1372.5500
-9999 -9999 -9999 -9999 -9999 -9999 -9999 -9999 -9999 -9999 -9999 -9999 -9999 -9999 -9999 -9999 -9999 -9999 -9999 -9999 -9999 -9999 -9999 -9999 -9999 -9999 -9999 -9999 -9999 -9999 -9999 -9999 -9999 -9999 -9999 -9999 -9999 -9999 -9999 -9999 -9999 -9999 -9999 -9999 -9999 -9999 -9999 1372.1899 1372.2300 1372.2600 1372.2700 1372.3000 1372.3000 1372.3300 1372.3600 1372.4301 1372.4100 1372.4500 1372.4800 1372.4900 1372.5100 1372.5400
-9999 -9999 -9999 -9999 -9999 -9999 -9999 -9999 -9999 -9999 -9999 -9999 -9999 -9999 -9999 -9999 -9999 -9999 -9999 -9999 -9999 -9999 -9999 -9999 -9999 -9999 -9999 -9999 -9999 -9999 -9999 -9999 -9999 -9999 -9999 -9999 -9999 -9999 -9999 -9999 -9999 -9999 -9999 -9999 -9999 1372.1500 1372.1899 1372.1801 1372.2100 1372.2100 1372.2300 1372.2800 1372.3199 1372.3300 1372.3199 1372.3500 1372.4000 1372.4500 1372.4900 1372.5000 1372.5300 1372.5500
-9999 -9999 -9999 -9999 -9999 -9999 -9999 -9999 -9999 -9999 -9999 -9999 -9999 -9999 -9999 -9999 -9999 -9999 -9999 -9999 -9999 -9999 -9999 -9999 -9999 -9999 -9999 -9999 -9999 -9999 -9999 -9999 -9999 -9999 -9999 -9999 -9999 -9999 -9999 -9999 -9999 -9999 -9999 -9999 1372.1500 1372.1400 1372.1801 1372.1801 1372.2100 1372.2200 1372.2300 1372.2700 1372.2900 1372.3101 1372.3101 1372.3500 1372.4000 1372.4399 1372.4700 1372.4700 1372.5200 1372.5400
-9999 -9999 -9999 -9999 -9999 -9999 -9999 -9999 -9999 -9999 -9999 -9999 -9999 -9999 -9999 -9999 -9999 -9999 -9999 -9999 -9999 -9999 -9999 -9999 -9999 -9999 -9999 -9999 -9999 -9999 -9999 -9999 -9999 -9999 -9999 -9999 1372 1372 1372.0200 1372.0500 1372.0699 1372.1000 1372.1100 1372.1200 1372.1300 1372.1400 1372.1500 1372.1801 1372.1899 1372.2400 1372.2400 1372.2600 1372.2700 1372.2900 1372.3199 1372.3600 1372.4100 1372.4301 1372.4600 1372.4800 1372.4900 1372.5100
-9999 -9999 -9999 -9999 -9999 -9999 -9999 -9999 -9999 -9999 -9999 -9999 -9999 -9999 -9999 -9999 -9999 -9999 -9999 -9999 -9999 -9999 -9999 -9999 -9999 -9999 -9999 -9999 -9999 -9999 -9999 -9999 -9999 -9999 -9999 -9999 1371.9900 1371.9900 1372.0100 1372.0300 1372.0400 1372.0900 1372.0900 1372.0900 1372.1200 1372.1300 1372.1400 1372.1600 1372.1899 1372.2300 1372.2200 1372.2500 1372.2700 1372.3000 1372.3199 1372.3600 1372.3700 1372.4000 1372.4700 1372.4900 1372.5000 1372.5100
-9999 -9999 -9999 -9999 -9999 -9999 -9999 -9999 -9999 -9999 -9999 -9999 -9999 -9999 -9999 -9999 -9999 -9999 -9999 -9999 -9999 -9999 -9999 -9999 -9999 -9999 -9999 -9999 -9999 -9999 -9999 -9999 1371.9200 1371.9200 -9999 1371.9600 1371.9600 1371.9800 1372.0200 1372.0100 1372.0400 1372.0699 1372.0800 1372.0800 1372.0900 1372.1000 1372.1200 1372.1600 1372.1801 1372.1899 1372.2100 1372.2500 1372.2700 1372.2800 1372.3400 1372.3700 1372.3900 1372.4100 1372.4399 1372.4600 1372.4900 1372.5100
-9999 -9999 -9999 -9999 -9999 -9999 -9999 -9999 -9999 -9999 -9999 -9999 -9999 -9999 -9999 -9999 -9999 -9999 -9999 -9999 -9999 -9999 -9999 -9999 1371.8199 -9999 -9999 -9999 -9999 -9999 1371.9000 1371.9000 1371.9100 1371.9301 1371.9399 1371.9301 1371.9500 1371.9700 1371.9900 1372 1372.0300 1372.0400 1372.0500 1372.0601 1372.0500 1372.0699 1372.0900 1372.1300 1372.1600 1372.2100 1372.2100 1372.2400 1372.2600 1372.3199 1372.3800 1372.3900 1372.4100 1372.4301 1372.4500 1372.4900 1372.5100 1372.5300
-9999 -9999 -9999 -9999 -9999 -9999 -9999 -9999 -9999 -9999 -9999 -9999 -9999 -9999 -9999 -9999 -9999 -9999 -9999 -9999 -9999 -9999 -9999 -9999 1371.8300 1371.8700 1371.8900 -9999 -9999 1371.8900 1371.8800 1371.8900 1371.8900 1371.9100 1371.9200 1371.9000 1371.9100 1371.9200 1371.9399 1371.9500 1371.9700 1372.0100 1372.0200 1372.0200 1372.0400 1372.0400 1372.0699 1372.0900 1372.1200 1372.2000 1372.2000 1372.2100 1372.2300 1372.2800 1372.3400 1372.3600 1372.3900 1372.4100 1372.4399 1372.4800 1372.4900 1372.5100
-9999 -9999 -9999 -9999 -9999 -9999 -9999 -9999 -9999 -9999 -9999 -9999 -9999 -9999 -9999 -9999 -9999 -9999 -9999 1371.7500 1371.7800 1371.7700 1371.7800 1371.7900 1371.7800 1371.8500 1371.9200 1371.9500 1371.9100 1371.8900 1371.8800 1371.8900 1371.8700 1371.8900 1371.8800 1371.9000 1371.8900 1371.9100 1371.9301 1371.9100 1371.9399 1371.9700 1371.9800 1371.9600 1371.9800 1372.0400 1372.0601 1372.0800 1372.0900 1372.1500 1372.1600 1372.1899 1372.2300 1372.2700 1372.3000 1372.3300 1372.3199 1372.3500 1372.3700 1372.4301 1372.4399 1372.4900
-9999 -9999 -9999 -9999 -9999 -9999 -9999 -9999 -9999 -9999 -9999 -9999 -9999 1371.6000 1371.6200 1371.6300 -9999 -9999 1371.7400 1371.7400 1371.7800 1371.7700 1371.7800 1371.7900 1371.7800 1371.8300 1371.8900 1371.9399 1371.9000 1371.8800 1371.8700 1371.8700 1371.8700 1371.8700 1371.8600 1371.8800 1371.8700 1371.8600 1371.9000 1371.9200 1371.9200 1371.9000 1371.9399 1371.9301 1371.9700 1372.0200 1372.0500 1372.0900 1372.1000 1372.1200 1372.1400 1372.1400 1372.2100 1372.2600 1372.2700 1372.3101 1372.2900 1372.3199 1372.3300 1372.3900 1372.4100 1372.4399
-9999 -9999 -9999 -9999 -9999 -9999 -9999 -9999 -9999 -9999 -9999 -9999 1371.5601 1371.5900 1371.6200 1371.6700 1371.6700 1371.7000 1371.7000 1371.7100 1371.7500 1371.7400 1371.7700 1371.7800 1371.7700 1371.7700 1371.8101 1371.8500 1371.8700 1371.8600 1371.8600 1371.8500 1371.8300 1371.8300 1371.8300 1371.8500 1371.8101 1371.8199 1371.8400 1371.8900 1371.9000 1371.8900 1371.9200 1371.9500 1371.9399 1372 1372.0400 1372.0601 1372.0800 1372.1000 1372.1000 1372.1200 1372.1600 1372.2300 1372.2700 1372.2600 1372.3000 1372.2900 1372.3000 1372.3400 1372.3700 1372.4200
-9999 -9999 -9999 -9999 -9999 -9999 1371.3199 1371.3900 1371.4200 1371.4600 1371.4700 1371.4800 1371.5500 1371.5699 1371.6000 1371.6300 1371.6300 1371.6600 1371.6500 1371.6899 1371.7000 1371.7000 1371.7500 1371.7700 1371.7500 1371.8101 1371.8199 1371.8199 1371.8300 1371.8400 1371.8500 1371.8500 1371.8199 1371.8101 1371.8400 1371.8400 1371.8199 1371.8199 1371.8199 1371.8400 1371.8500 1371.8600 1371.8800 1371.9301 1371.9399 1371.9600 1372.0300 1372.0601 1372.0601 1372.0800 1372.0800 1372.0601 1372.1100 1372.1700 1372.1801 1372.1899 1372.2100 1372.2300 1372.2500 1372.3199 1372.3300 1372.3400
-9999 -9999 -9999 -9999 -9999 1371.2800 1371.3101 1371.3800 1371.4301 1371.4600 1371.4600 1371.4500 1371.5000 1371.5500 1371.5800 1371.5900 1371.6200 1371.6200 1371.6300 1371.6300 1371.6801 1371.6801 1371.7300 1371.7600 1371.7400 1371.7800 1371.8000 1371.8000 1371.8101 1371.8199 1371.8199 1371.8199 1371.8101 1371.8199 1371.8199 1371.8000 1371.7800 1371.8199 1371.8199 1371.8000 1371.7900 1371.8199 1371.8600 1371.9000 1371.9200 1371.9301 1371.9600 1371.9900 1372.0100 1372.0300 1372.0100 1371.9900 1372.0300 1372.0800 1372.1000 1372.1300 1372.1300 1372.1500 1372.1801 1372.2400 1372.2900 1372.2800
-9999 -9999 -9999 -9999 1371.2000 1371.2500 1371.3000 1371.3400 1371.3800 1371.4100 1371.4301 1371.4399 1371.4600 1371.5000 1371.5500 1371.5300 1371.5699 1371.5800 1371.5699 1371.6100 1371.6500 1371.6500 1371.7000 1371.7000 1371.7400 1371.7600 1371.7700 1371.7900 1371.7900 1371.8000 1371.8000 1371.7900 1371.8300 1371.8101 1371.8000 1371.7900 1371.7900 1371.7800 1371.7500 1371.8000 1371.7900 1371.8000 1371.8400 1371.8500 1371.8700 1371.8800 1371.9000 1371.9301 1371.9399 1371.9600 1371.9301 1371.9200 1371.9399 1372.0100 1372.0300 1372.0601 1372.0300 1372.0601 1372.1000 1372.1200 1372.1500 1372.1801
-9999 -9999 1371.1100 1371.1300 1371.1700 1371.2300 1371.2400 1371.2600 1371.3101 1371.3600 1371.3800 1371.3900 1371.4301 1371.4500 1371.4700 1371.4399 1371.4600 1371.5100 1371.5300 1371.5699 1371.6300 1371.6500 1371.6600 1371.6600 1371.7000 1371.7200 1371.7500 1371.7600 1371.7400 1371.7500 1371.7500 1371.7600 1371.7900 1371.7900 1371.7900 1371.7600 1371.7600 1371.7100 1371.6899 1371.7100 1371.7300 1371.7500 1371.8000 1371.8199 1371.7900 1371.8400 1371.8400 1371.8500 1371.8700 1371.8800 1371.8400 1371.8300 1371.8900 1371.9500 1371.9399 1371.9500 1371.9700 1371.9900 1372.0699 1372.0500 1372.1000 1372.1000
1371.0300 1371.0800 1371.1100 1371.1100 1371.1200 1371.1500 1371.2000 1371.2400 1371.2900 1371.3199 1371.3300 1371.3700 1371.3600 1371.3800 1371.3900 1371.3900 1371.4200 1371.4800 1371.4900 1371.5300 1371.5699 1371.6100 1371.6200 1371.6500 1371.6600 1371.6500 1371.7000 1371.7000 1371.6700 1371.6600 1371.6899 1371.7400 1371.7900 1371.7700 1371.7300 1371.6500 1371.6400 1371.6200 1371.6300 1371.6500 1371.6700 1371.6801 1371.7200 1371.7500 1371.7300 1371.7800 1371.8000 1371.8000 1371.8000 1371.7900 1371.7400 1371.7600 1371.8000 1371.8600 1371.8800 1371.9000 1371.9200 1371.9100 1371.9600 1371.9600 1371.9800 1371.9800
1371 1371.0300 1371.0601 1371.0800 1371.0900 1371.1400 1371.1899 1371.2100 1371.2300 1371.2800 1371.2800 1371.3101 1371.3000 1371.3199 1371.3300 1371.3400 1371.3800 1371.4301 1371.4500 1371.4800 1371.5400 1371.5500 1371.5400 1371.6100 1371.6200 1371.5800 1371.6200 1371.5800 1371.5900 1371.5800 1371.6600 1371.7300 1371.7700 1371.7300 1371.6801 1371.6300 1371.6100 1371.5800 1371.6100 1371.6000 1371.6100 1371.6100 1371.6300 1371.6700 1371.6801 1371.7100 1371.6899 1371.7200 1371.7400 1371.7300 1371.6899 1371.7000 1371.7600 1371.8101 1371.8300 1371.8400 1371.8101 1371.8000 1371.8600 1371.8800 1371.8800 1371.8700
1370.9600 1371.0100 1371.0300 1371.0200 1371.0500 1371.1000 1371.1500 1371.1700 1371.1899 1371.2300 1371.2100 1371.2400 1371.2300 1371.2500 1371.2700 1371.2900 1371.3199 1371.3400 1371.3600 1371.3800 1371.4301 1371.4301 1371.4500 1371.4800 1371.4399 1371.4800 1371.4700 1371.4600 1371.4600 1371.5000 1371.6200 1371.6801 1371.6801 1371.6899 1371.6801 1371.6400 1371.5900 1371.5200 1371.5400 1371.4700 1371.5200 1371.5500 1371.5601 1371.5800 1371.6000 1371.6300 1371.6300 1371.6600 1371.6700 1371.6600 1371.6100 1371.6300 1371.6801 1371.7600 1371.7800 1371.7800 1371.7800 1371.7600 1371.7800 1371.7800 1371.7900 1371.7800
1370.9200 1370.9399 1370.9900 1370.9800 1371.0100 1371.0699 1371.1100 1371.1000 1371.1300 1371.1500 1371.1400 1371.1700 1371.1801 1371.2100 1371.2300 1371.2500 1371.2400 1371.2400 1371.3101 1371.3000 1371.3199 1371.3000 1371.3700 1371.3800 1371.3800 1371.3600 1371.3600 1371.3900 1371.3900 1371.4800 1371.5699 1371.5900 1371.5800 1371.5900 1371.5800 1371.5400 1371.5100 1371.4700 1371.4301 1371.4301 1371.4800 1371.5200 1371.5200 1371.5200 1371.5500 1371.5601 1371.5800 1371.5900 1371.6000 1371.5699 1371.5601 1371.5601 1371.6200 1371.6801 1371.7300 1371.7000 1371.7200 1371.7000 1371.6700 1371.7200 1371.7200 1371.7200
1370.8800 1370.9200 1370.9200 1370.9700 1370.9700 1370.9900 1371.0100 1371.0200 1371.0300 1371.0500 1371.0400 1371.1100 1371.1000 1371.1100 1371.1600 1371.2100 1371.1899 1371.2000 1371.2600 1371.2300 1371.2200 1371.2400 1371.2800 1371.2900 1371.2700 1371.2800 1371.3000 1371.3000 1371.3600 1371.4700 1371.5000 1371.5200 1371.5200 1371.5200 1371.5100 1371.4900 1371.4600 1371.4500 1371.4000 1371.3900 1371.4000 1371.4600 1371.4800 1371.4800 1371.4900 1371.5100 1371.5200 1371.5200 1371.5300 1371.5100 1371.4900 1371.5200 1371.5699 1371.6200 1371.6300 1371.6500 1371.6300 1371.6100 1371.6100 1371.6300 1371.6500 1371.7000
